0.000000000000000000e+00 5.054560132446247467e-01 5.085375844825031910e-01 3.164960367990898860e-01
0.000000000000000000e+00 5.985716203465056839e-01 1.073335705444358190e-01 8.042281109488611524e-01
0.000000000000000000e+00 8.173764780078832670e-01 5.686303481572159146e-01 2.422331539812224710e-01
0.000000000000000000e+00 5.367336673843907668e-01 7.397952904863527301e-01 7.710776635695144599e-01
1.000000000000000000e+00 9.196700573198618445e-01 3.574127116592129561e-02 3.892913765474944610e-01
0.000000000000000000e+00 1.444527427783859341e-02 1.909195635019002024e-01 8.790893678913037634e-01
1.000000000000000000e+00 8.191683991059931502e-01 9.053740779538395067e-01 2.886625315742614717e-01
1.000000000000000000e+00 8.130969379007512154e-01 2.524051661526413026e-01 9.486857564567247048e-01
1.000000000000000000e+00 8.815054548779777122e-01 1.796221587805024722e-02 2.076479670358895024e-01
0.000000000000000000e+00 1.711973411628738839e-01 1.893771894510456466e-01 1.003957075654207109e-01
0.000000000000000000e+00 4.293244327724843323e-02 4.154200795858060680e-01 9.266423386547882890e-01
0.000000000000000000e+00 7.899394462175630682e-01 4.005286274452056761e-01 9.033267135960216798e-01
1.000000000000000000e+00 5.369668408045994434e-01 4.441475277717021886e-01 8.596178135499569217e-01
0.000000000000000000e+00 2.733402846198556002e-01 5.677888466357028374e-02 3.568054496193623359e-01
0.000000000000000000e+00 1.275040739266264378e-01 5.171686671368502797e-02 7.448793119345942237e-01
1.000000000000000000e+00 2.253811551002863345e-01 9.840979785850693107e-01 3.603240895925918785e-01
1.000000000000000000e+00 7.101797667604621278e-01 6.299115441992539921e-01 7.624206111865073909e-01
0.000000000000000000e+00 3.128085987821371816e-02 4.072176122182158409e-02 4.870496048733097272e-01
0.000000000000000000e+00 1.363091682570857222e-01 5.850919348496270711e-01 4.155639041048867499e-01
1.000000000000000000e+00 3.977154173845078855e-01 8.005838487592935593e-01 3.316994324104709513e-01
0.000000000000000000e+00 5.295152715803373988e-01 2.308190617903618236e-01 3.969425974516954669e-01
1.000000000000000000e+00 9.206257286226741110e-01 6.330911046003520060e-01 4.675801732560402879e-01
1.000000000000000000e+00 8.894285955211667094e-01 3.468644934206314145e-01 7.782910031593520683e-01
1.000000000000000000e+00 6.170478499201287326e-01 5.675499973033132362e-01 5.688962417081663281e-01
1.000000000000000000e+00 5.742994525013549456e-01 4.653725226129559189e-01 6.040653684291157344e-01
0.000000000000000000e+00 7.292950084466831573e-02 1.880640656250386344e-01 3.892456980100433839e-01
1.000000000000000000e+00 7.952650270173120539e-01 7.704512631660130895e-01 8.759310448570684082e-01
1.000000000000000000e+00 7.328556163414507996e-01 1.402169073695015422e-01 2.125133010185848992e-01
0.000000000000000000e+00 2.345321342346861071e-01 5.853022269554276624e-01 3.727576079287104882e-01
0.000000000000000000e+00 9.395282391170934888e-01 4.347446932519730689e-01 6.848925383071738926e-01
1.000000000000000000e+00 8.459332399276772163e-01 5.872035721572189670e-01 8.663292097625374666e-02
1.000000000000000000e+00 5.511948580245864537e-01 3.173035594007226345e-01 3.672261182049013639e-01
1.000000000000000000e+00 9.197120414747872452e-02 7.316547961375091669e-01 6.665428015958672070e-01
1.000000000000000000e+00 9.552468837672837276e-01 2.990641478246823803e-01 8.164933784051668919e-01
0.000000000000000000e+00 2.567961958730249350e-01 3.190464892002975450e-02 3.034391476819170430e-01
1.000000000000000000e+00 7.791826081661562542e-01 4.065920586737102882e-01 1.377217556119247899e-02
1.000000000000000000e+00 6.097839905329759391e-01 7.634214442245454979e-01 8.856048421287984196e-01
0.000000000000000000e+00 8.422560882131615578e-01 1.906329017300764095e-01 5.673471946316452907e-01
1.000000000000000000e+00 4.235223950662819759e-01 9.253283147738747827e-01 7.262748094140613064e-01
1.000000000000000000e+00 6.051801545588042508e-01 6.118796250726710184e-02 6.816515725430216666e-01
0.000000000000000000e+00 4.895211781854882371e-01 6.308922572423377728e-01 2.116274543351193138e-01
1.000000000000000000e+00 9.765518825481755982e-02 9.742578493058082767e-01 3.016429199415950890e-01
1.000000000000000000e+00 9.418532976854665506e-02 5.378378538968345834e-01 1.554423378163307667e-01
0.000000000000000000e+00 4.598256615435282191e-01 2.590799266245834565e-01 6.608967133209944222e-01
1.000000000000000000e+00 9.465518514089766855e-01 9.220342040961660990e-01 8.710678226997569107e-01
0.000000000000000000e+00 4.178843569087472565e-01 6.507840262634617678e-01 8.304037979441820649e-01
0.000000000000000000e+00 9.894104605980406086e-01 6.957697614726466862e-01 9.353023813639544937e-01
0.000000000000000000e+00 2.556595735697467786e-01 8.343953892817804752e-01 1.927979239782677823e-01
1.000000000000000000e+00 7.031335379313299327e-01 2.937861439989055690e-01 7.303785844003006789e-01
1.000000000000000000e+00 8.780424262610642128e-02 1.368811439636632432e-01 5.951439026193285908e-01
0.000000000000000000e+00 5.939502094976248925e-01 3.045647832891361650e-01 5.571437792088933527e-01
0.000000000000000000e+00 9.651730068989060607e-01 1.740663254351537681e-01 9.442531060647612051e-01
0.000000000000000000e+00 8.055383360367907031e-02 6.143398867887850390e-01 5.426075517217993083e-01
0.000000000000000000e+00 2.600547470044271003e-01 7.190954053972531401e-01 8.548988678694372512e-01
1.000000000000000000e+00 9.777852769535240185e-01 9.237391199244624485e-01 5.620050989288438714e-01
1.000000000000000000e+00 2.902608373866627511e-01 1.943448589162970475e-01 6.366100217279760942e-01
0.000000000000000000e+00 4.772607643993125315e-01 2.216230175410717207e-01 2.507952186434747599e-01
0.000000000000000000e+00 8.142112073422039797e-01 4.437306548668706885e-02 3.515452702196371071e-01
0.000000000000000000e+00 1.326754194317074642e-01 9.992702845132148681e-01 2.885257709586598329e-01
0.000000000000000000e+00 9.883073007227907159e-01 6.501019531876568447e-01 9.022786704283256576e-01
0.000000000000000000e+00 7.773676390076418308e-01 2.066274285278290046e-01 1.297786076396539867e-01
1.000000000000000000e+00 3.492969023096721415e-01 4.613772739473951390e-01 1.833897930298709067e-01
0.000000000000000000e+00 8.048779421460507955e-01 8.694031708689726745e-01 1.461600593144152249e-02
1.000000000000000000e+00 2.579047129105105363e-01 3.976524618409363887e-01 3.829794521696970877e-01
1.000000000000000000e+00 3.872749686767262833e-02 9.105992720048000644e-01 1.634229996017041442e-01
0.000000000000000000e+00 1.967571738860465214e-01 3.615042727765382935e-02 6.324266704382770499e-01
0.000000000000000000e+00 1.348737620253376290e-01 4.181169697568387633e-01 3.965914564764688732e-01
0.000000000000000000e+00 1.391190898123206843e-01 3.932567240642544926e-01 7.932838421069906554e-01
1.000000000000000000e+00 4.838445172952073881e-01 5.196602767870845963e-01 7.126165761530213194e-01
1.000000000000000000e+00 3.544291985567348258e-01 2.324706952470150245e-01 3.286049025051385186e-01
1.000000000000000000e+00 9.133389186973830398e-01 4.258843615246163949e-01 2.362949158927976079e-01
1.000000000000000000e+00 9.654461998242515053e-01 3.995353598048473343e-01 3.860886762499238234e-01
1.000000000000000000e+00 2.514982622536847678e-01 6.779197520560089618e-01 7.270563192600085767e-01
1.000000000000000000e+00 3.520864885892709406e-01 2.792094078168619875e-01 4.487002567083264726e-02
0.000000000000000000e+00 3.014487580823917989e-01 5.077927013231108289e-01 4.899841791552248527e-01
1.000000000000000000e+00 6.752000572054354111e-01 6.469712969026825133e-01 1.386434430942241613e-01
1.000000000000000000e+00 3.927134046300106984e-01 5.442891568446134309e-01 4.175632893637258869e-01
0.000000000000000000e+00 5.816478554103322596e-01 6.557641634129485197e-01 9.337648788440960912e-01
0.000000000000000000e+00 9.421138647996013527e-01 6.486495447177265117e-01 8.016983880925779848e-01
0.000000000000000000e+00 5.188801286706757887e-01 3.230631814761839582e-01 8.085531306913732452e-01
0.000000000000000000e+00 1.968774202215292091e-01 8.908203409604688039e-01 8.633041233473426335e-02
1.000000000000000000e+00 4.319701512783140629e-01 3.799412413318858928e-02 4.805517810018468117e-01
1.000000000000000000e+00 1.465623750072908571e-02 7.324446812013468699e-01 3.594692534688030960e-01
1.000000000000000000e+00 9.995405072670764390e-01 9.353336437461383657e-01 3.731104397698447039e-01
0.000000000000000000e+00 1.543656362735703613e-01 5.242120183833621772e-01 9.965340359864303110e-01
0.000000000000000000e+00 1.328233759984790430e-01 5.411280661506672196e-01 4.561793131822532432e-01
0.000000000000000000e+00 5.341545278146384579e-01 6.958143312217589527e-01 3.253659349372357568e-01
0.000000000000000000e+00 2.597678605315841827e-01 9.290528368380820412e-01 5.862054833924026376e-01
0.000000000000000000e+00 1.382841711251436845e-02 2.158911548357302923e-01 7.648103056359345508e-02
1.000000000000000000e+00 7.393506695851170818e-02 6.914382916456880412e-01 9.599956726630836101e-01
1.000000000000000000e+00 6.572987280379579689e-01 7.822579533809937979e-01 5.640301223473228598e-01
0.000000000000000000e+00 3.251138363290984046e-01 9.257720991198804539e-01 2.349279761924287779e-01
1.000000000000000000e+00 1.140002893510504434e-01 3.070986288822445953e-01 7.914240416129503242e-01
0.000000000000000000e+00 9.854338647624952818e-01 4.604253648127918375e-01 4.288318229217690236e-01
0.000000000000000000e+00 8.906963908945464414e-02 9.097656118801621394e-01 4.690760330801790889e-02
1.000000000000000000e+00 9.755289616914730733e-02 5.269548234135238429e-01 9.301967255035132887e-01
1.000000000000000000e+00 4.910951351129894116e-01 7.106242028332644400e-01 4.526802095072751664e-01
1.000000000000000000e+00 9.513549906381135735e-01 3.137416884064536671e-01 8.312263750900541481e-01
0.000000000000000000e+00 6.744092848118212746e-01 8.482413045636105764e-02 5.918785641534274333e-02
1.000000000000000000e+00 1.342771729472740372e-01 2.180682178817844319e-01 5.183474335897286789e-02
1.000000000000000000e+00 1.715258652923133953e-01 2.944359007312125076e-02 7.484722311381458715e-01
0.000000000000000000e+00 9.098338102881976530e-01 3.699399758525725446e-01 3.223261147432409102e-01
0.000000000000000000e+00 8.322573562501522915e-01 6.143644628797956253e-01 7.005430384545366929e-01
0.000000000000000000e+00 2.671047012843781321e-01 9.304696310016544736e-01 9.969761716099760918e-01
1.000000000000000000e+00 3.556943522476826436e-01 4.531145326105709970e-01 4.117501013365427731e-01
1.000000000000000000e+00 7.684879667435917661e-02 2.464628400683627207e-01 4.910893504643846219e-01
1.000000000000000000e+00 6.442403581229763088e-01 7.825559807276394331e-01 1.351361369785611943e-01
1.000000000000000000e+00 9.571804940245071114e-01 8.052997032235263974e-01 4.738455704503266031e-01
0.000000000000000000e+00 1.577716419494327171e-01 6.350799639488978743e-01 9.876019075352987509e-01
0.000000000000000000e+00 9.038576386305909871e-01 7.999225394237028386e-01 1.229440722960289945e-01
1.000000000000000000e+00 3.767533046045549172e-01 1.131961652444307687e-01 6.009235412292286416e-01
1.000000000000000000e+00 5.826335467545715741e-01 7.782791947570628643e-01 1.882999708819760309e-01
0.000000000000000000e+00 1.122036506868882011e-01 3.502413318064732106e-01 1.673002256013726985e-01
0.000000000000000000e+00 3.217339484744550226e-01 1.012629313215821503e-01 8.898758255040524201e-01
0.000000000000000000e+00 9.166473789943210271e-01 5.119111931570484719e-01 6.265242240835174892e-01
1.000000000000000000e+00 4.735206983392020730e-01 2.594359905358434304e-01 2.657890635413431291e-01
0.000000000000000000e+00 4.596313664636977325e-01 6.845113868094925280e-01 9.126368562259856709e-02
1.000000000000000000e+00 8.357623865705523514e-01 4.324160659627469538e-01 1.603545078163517434e-01
1.000000000000000000e+00 5.171721856689127650e-01 1.315282792330253470e-01 5.869733967623245174e-01
0.000000000000000000e+00 9.477833236385072579e-01 6.392278085423321876e-01 3.677123325093719641e-01
1.000000000000000000e+00 5.948404586333253530e-01 9.954649647647267896e-01 3.190861961422253312e-01
1.000000000000000000e+00 6.495718163040629101e-01 2.363079698353198754e-02 6.635705589506983859e-01
1.000000000000000000e+00 8.240453674011819496e-01 5.426272509021456969e-01 2.717709513149602074e-02
0.000000000000000000e+00 1.352176486729691485e-01 4.147540503514901555e-02 9.857264613464072900e-01
0.000000000000000000e+00 1.200059615123274526e-01 6.352508513795377398e-01 2.675847353981479770e-01
0.000000000000000000e+00 3.331747276962282456e-04 3.182508644606604209e-01 9.177500871353194700e-01
0.000000000000000000e+00 6.027125128030814682e-01 3.375120270480908014e-01 5.979972733148423147e-01
0.000000000000000000e+00 4.706802672860137537e-01 9.938431040855255638e-02 8.094600058687448918e-01
1.000000000000000000e+00 6.296889627998887295e-01 6.471083585378348824e-01 5.661506983977000473e-01
1.000000000000000000e+00 5.509929807320013140e-01 8.309800199118910768e-01 5.520808466477004073e-01
1.000000000000000000e+00 8.170435555301922559e-01 5.265467299356707542e-01 5.372204553525852244e-01
0.000000000000000000e+00 4.427453758136650208e-01 6.913446314337640120e-01 4.991965643812488196e-01
0.000000000000000000e+00 2.718009607614335632e-02 6.610922391904481277e-01 8.502373027519792847e-01
1.000000000000000000e+00 9.561350883094668074e-01 8.281302165251487324e-01 5.165983144064375532e-01
0.000000000000000000e+00 1.499674231593950413e-02 6.992921351411293118e-01 8.032436330349246312e-01
1.000000000000000000e+00 3.867911348840908925e-01 9.142748468486879831e-01 7.358768499438113064e-01
1.000000000000000000e+00 5.101201353873906497e-01 2.452705379441211253e-02 2.260556975476828434e-01
0.000000000000000000e+00 7.340131675568000169e-01 9.272824817240072903e-01 7.624873033822600066e-01
1.000000000000000000e+00 4.425684807694795220e-01 5.130158570845282373e-01 4.513921660018139770e-01
1.000000000000000000e+00 7.895773376731924920e-01 3.859048230708053140e-01 2.886256021962021467e-01
0.000000000000000000e+00 7.440789823710043382e-01 9.707356675119178657e-01 7.759816931822631769e-01
1.000000000000000000e+00 1.745224380296760414e-01 6.029124617437855438e-01 4.834882697002031993e-01
0.000000000000000000e+00 4.091931417742983301e-01 2.206459493491653712e-01 7.336877969538710964e-01
1.000000000000000000e+00 8.337905069062342411e-01 3.673825034583474425e-01 6.102717511092806690e-01
0.000000000000000000e+00 9.028039175444723119e-01 3.454122762437640271e-01 9.952736070921341938e-01
0.000000000000000000e+00 4.744494821753266756e-01 8.278917383167647692e-01 2.285580845828588670e-01
0.000000000000000000e+00 2.839425491576023086e-01 7.892573534979995253e-01 4.097924442003433310e-01
1.000000000000000000e+00 1.647388892864336540e-01 4.349185829696777805e-02 3.392334785689270493e-01
0.000000000000000000e+00 2.019820326209541550e-01 2.484049009247155659e-01 4.679094495362841055e-01
0.000000000000000000e+00 9.040620734783526569e-01 2.747364558605376317e-01 2.293844461553806724e-01
0.000000000000000000e+00 4.358184656609948027e-01 7.936282522253550464e-01 7.636918913841994616e-02
0.000000000000000000e+00 7.650905028109422634e-01 9.202418654651098873e-01 6.783665287516734699e-01
1.000000000000000000e+00 9.820335147355119254e-02 9.924687901217972286e-01 3.595255643675807633e-01
0.000000000000000000e+00 1.634811026914250176e-01 5.380233656560539091e-01 3.270305325954916409e-01
1.000000000000000000e+00 4.703139490926662170e-01 4.981052696205967578e-02 3.021570621830276249e-01
1.000000000000000000e+00 8.727818907818462035e-01 1.050590714994835695e-01 5.613914523479390795e-01
0.000000000000000000e+00 9.500260211180001635e-01 7.472954706700168925e-01 7.661333787508834980e-01
0.000000000000000000e+00 6.280990737569805971e-01 1.124019129090214619e-02 5.711040741196804493e-01
0.000000000000000000e+00 5.331408134400985599e-01 4.243105590844675756e-02 9.093764508730663998e-01
0.000000000000000000e+00 4.973043318070015095e-01 1.030179142044299612e-01 7.933956157290223965e-01
0.000000000000000000e+00 9.586289236885751075e-01 3.277400775875001226e-01 1.036068540472824262e-01
0.000000000000000000e+00 4.398192154463620440e-02 3.267535659250830893e-01 2.586771281871519390e-01
0.000000000000000000e+00 7.724204836851107370e-01 1.453495141767350285e-01 9.862925256795848084e-01
1.000000000000000000e+00 8.607591969413963540e-03 8.965377583246022519e-01 9.311411840936986151e-01
1.000000000000000000e+00 5.812359275163621053e-01 3.686979638420393446e-01 5.379553492051664110e-01
0.000000000000000000e+00 9.270047172015567494e-01 9.276313182713092909e-01 2.439093908564528013e-01
0.000000000000000000e+00 2.393548871878140583e-01 4.692439632512744874e-01 1.315339309801085710e-01
0.000000000000000000e+00 3.825448864848229880e-01 4.494427672245465688e-01 1.144239008267033952e-01
0.000000000000000000e+00 7.002508499402427811e-01 1.105720929776232708e-01 8.500634520098724334e-01
1.000000000000000000e+00 5.480624859011288263e-01 1.461357543293212435e-01 7.439471421148313723e-02
1.000000000000000000e+00 1.681604001941686688e-01 1.263327994918159725e-01 5.769464879849355299e-01
1.000000000000000000e+00 9.123542533718229652e-01 6.177157875863570347e-02 1.298148146569014783e-01
0.000000000000000000e+00 5.227179518609940123e-01 2.052433733666666482e-01 5.362552633557495785e-01
0.000000000000000000e+00 9.236165510517612143e-01 5.862874386797483073e-01 3.754294098204548069e-01
1.000000000000000000e+00 5.895130835208471920e-01 7.266700443787406094e-01 8.195029774094220176e-02
1.000000000000000000e+00 1.990550941577879929e-01 3.720226223619589323e-01 6.787432180721931774e-01
1.000000000000000000e+00 1.836008058166592738e-01 1.366308814844254815e-01 1.884878409192506377e-01
0.000000000000000000e+00 1.498212176369353443e-01 9.954807701820902466e-01 6.946636091733482399e-01
1.000000000000000000e+00 1.101450519976071574e-01 4.314774668792101808e-01 6.475287376052232258e-01
0.000000000000000000e+00 3.881910660393693702e-01 6.829275763882137751e-01 1.216655065823770698e-01
1.000000000000000000e+00 8.654983146540204952e-01 7.279355972359750071e-01 6.244968305715985490e-01
0.000000000000000000e+00 1.636083796849933103e-01 4.150500189514931826e-01 6.664508875542592969e-01
1.000000000000000000e+00 2.829093941050059291e-01 1.181547270386662518e-02 3.945053903515938210e-01
1.000000000000000000e+00 8.025298034610219844e-01 6.000766433700401858e-01 2.436752101012062965e-02
0.000000000000000000e+00 3.356922524833988453e-01 1.970122281016974952e-01 7.680234836813184529e-01
1.000000000000000000e+00 7.407440723892305678e-01 1.672084980731436410e-01 3.283776145515963085e-01
1.000000000000000000e+00 7.875530796459568883e-01 3.921765524453258989e-01 9.431719072157516148e-01
1.000000000000000000e+00 6.583127471364491612e-01 1.344516160030052587e-01 4.878430959121911048e-01
1.000000000000000000e+00 3.302265261338414026e-01 8.940148023889368245e-01 2.973954993955564285e-01
0.000000000000000000e+00 4.646594089701079344e-01 5.644755926103888211e-01 3.749722856327506459e-01
1.000000000000000000e+00 2.862116970880629330e-01 3.834549610981408119e-02 7.301222227052359681e-01
0.000000000000000000e+00 9.324757767924910512e-01 7.006679132451650860e-01 8.634926396211171085e-01
1.000000000000000000e+00 5.394551240473863807e-01 5.425178402597167215e-01 1.025767651171036743e-01
1.000000000000000000e+00 9.003714281585032397e-01 5.468465439380247872e-01 3.895391775228476128e-01
1.000000000000000000e+00 8.702873004742768259e-01 5.355571984862474988e-01 8.084260095484607778e-02
0.000000000000000000e+00 5.579295838044081579e-01 6.209891182195275139e-01 3.460587394433047859e-01
1.000000000000000000e+00 3.472320259156329580e-01 9.734253063755186064e-01 7.759352067910632034e-01
1.000000000000000000e+00 8.170058577989366411e-01 5.622564654642442372e-01 3.323613918552760227e-01
0.000000000000000000e+00 4.992485522898157946e-01 4.734120616894096356e-01 5.465361242960120602e-01
1.000000000000000000e+00 8.376235282389731251e-01 4.284019474242658498e-01 1.884299280048395975e-01
0.000000000000000000e+00 5.753911575950693136e-01 8.838538813764988955e-01 3.540533179121957419e-01
0.000000000000000000e+00 5.511222723049690186e-01 4.539377905223943577e-01 6.280041416991127834e-01
0.000000000000000000e+00 6.079476224195811129e-01 4.125815829753598507e-02 4.302906508090305060e-01
0.000000000000000000e+00 1.262908802173412504e-01 4.334050447276802664e-01 4.565051912583343308e-01
1.000000000000000000e+00 5.674792143164991698e-01 1.302323910974149124e-01 2.927655571835338089e-01
1.000000000000000000e+00 4.480648723330019623e-01 6.268725052644961160e-01 7.617654522020845809e-01
0.000000000000000000e+00 1.709849524580882019e-01 8.945728236462683336e-01 5.886397236172857816e-01
0.000000000000000000e+00 9.989063630050105669e-01 6.852166902667837789e-01 5.505107299730044312e-01
0.000000000000000000e+00 2.265131290508667350e-01 7.796636011945379252e-01 2.893643959400786780e-01
1.000000000000000000e+00 1.904622676563557659e-01 1.169180047199832595e-01 3.845623211717230649e-01
1.000000000000000000e+00 9.314641028381633880e-01 3.215006189925416757e-01 3.533205288765752794e-01
0.000000000000000000e+00 2.860302882966044846e-01 2.653977998280290240e-01 8.430161924920376304e-01
0.000000000000000000e+00 4.314306172286423990e-01 6.718033109036436468e-02 8.957813359960080657e-01
1.000000000000000000e+00 2.061320921187628219e-01 2.488659735409312068e-01 2.407034960724940831e-02
0.000000000000000000e+00 6.909509194803614696e-01 3.069473404378454395e-01 9.205265373423321407e-02
0.000000000000000000e+00 2.884956839891568148e-01 7.511578451619851382e-01 7.378537565983073199e-01
0.000000000000000000e+00 6.164421058020949085e-01 4.623381214560455810e-01 8.384330551296748091e-01
1.000000000000000000e+00 6.557424062758002714e-01 9.967342275032297083e-01 3.952654622520037631e-01
1.000000000000000000e+00 4.593916388523953120e-01 6.478374000819289158e-01 6.468890871551363775e-01
1.000000000000000000e+00 3.734552498118487440e-01 4.796470670783394841e-01 4.476917168393156343e-01
0.000000000000000000e+00 3.242739735402082601e-01 8.182562005405853434e-01 7.307717570359170134e-01
0.000000000000000000e+00 2.267381103567949197e-01 6.464554650231808530e-01 7.228384882016491986e-03
1.000000000000000000e+00 2.964621133540147335e-01 8.500302205715165593e-01 4.024603370143174930e-01
0.000000000000000000e+00 6.712315256927813278e-01 3.482059981816510996e-01 3.441777871739298833e-01
0.000000000000000000e+00 3.162008314947828413e-01 4.193437777945868694e-01 9.912659446699464416e-01
1.000000000000000000e+00 2.973716611920242947e-01 3.818041514189830510e-01 6.744877686340644551e-01
1.000000000000000000e+00 6.812336535892614675e-01 6.508227841276664760e-01 5.413862653531786862e-01
0.000000000000000000e+00 3.034715500050603199e-01 8.934852748669387390e-01 5.617092064042732424e-01
1.000000000000000000e+00 3.522602133856294060e-01 8.940449243749762909e-01 1.167447105000383178e-01
0.000000000000000000e+00 3.299082296444121321e-01 2.352225890403757402e-01 7.865361152878220796e-01
1.000000000000000000e+00 6.674811172526524672e-01 9.750023925228186172e-01 9.310036786427788869e-02
0.000000000000000000e+00 5.422353356847959827e-01 1.800222485542559703e-01 2.480859918082856108e-02
0.000000000000000000e+00 3.724072068735583274e-01 6.855392864276181886e-01 5.815461018328472731e-01
1.000000000000000000e+00 9.162011093491524427e-01 4.479122912480061336e-01 4.173209881707832247e-01
1.000000000000000000e+00 9.856473765136282150e-01 3.224504748597365467e-01 6.383352691073322926e-01
0.000000000000000000e+00 9.504787350665349077e-01 4.539805110612572525e-01 4.555293005415925744e-01
0.000000000000000000e+00 9.789794751599770750e-01 2.922133519623923981e-01 5.889615760668792666e-01
1.000000000000000000e+00 8.555063546260810448e-01 1.214967334581144032e-01 3.289167230768744732e-01
0.000000000000000000e+00 3.368193462179962516e-01 2.721896511456430856e-01 9.864843906360603043e-01
0.000000000000000000e+00 6.170784631106744911e-01 4.669963661253181408e-01 8.117924091922639196e-01
0.000000000000000000e+00 8.388928285466561441e-01 8.463860967221246145e-01 8.727856760467780362e-01
0.000000000000000000e+00 5.283569527412182998e-01 6.495518113924279024e-01 8.143184753882263260e-01
0.000000000000000000e+00 2.305634517145792595e-01 4.095403035146081283e-01 2.434204354677956816e-01
0.000000000000000000e+00 2.193822399026253978e-01 4.731883338503686254e-01 5.461666805794498369e-01
0.000000000000000000e+00 1.541445135063553851e-01 5.493378728850740744e-01 9.248289903755474439e-01
0.000000000000000000e+00 9.953395081994665938e-01 4.946135526219972434e-01 4.369002807734466698e-01
0.000000000000000000e+00 4.851724768478975491e-01 9.154515388804037590e-01 6.093256523652459400e-01
0.000000000000000000e+00 7.225332158227597557e-01 6.180415443627440553e-02 5.502206615516258559e-01
0.000000000000000000e+00 4.116512851311171506e-02 1.543731665574532563e-03 6.447535680688172288e-01
0.000000000000000000e+00 3.124144136877149425e-01 6.030515656842264649e-01 1.214383488897557983e-01
0.000000000000000000e+00 1.197867273847832426e-01 2.338400224468650812e-01 7.184661262317941777e-01
1.000000000000000000e+00 7.043185344012662386e-01 2.651863535268755845e-01 3.513933956302907058e-01
0.000000000000000000e+00 8.665475128384345638e-01 6.716967233685884331e-01 9.315722749911523604e-01
0.000000000000000000e+00 8.222269290482900894e-01 6.433435221610288579e-01 3.348464921782994264e-01
1.000000000000000000e+00 6.036840072651653566e-01 1.595671043935553701e-02 4.424517233645565151e-01
0.000000000000000000e+00 9.533413475760859068e-01 1.387546102435495143e-01 8.585083112129260341e-01
1.000000000000000000e+00 3.161418003344660388e-01 5.538879410437247408e-01 1.569578780812069807e-01
0.000000000000000000e+00 1.960231207743803328e-01 3.947179927016088996e-01 1.502502210309374364e-01
0.000000000000000000e+00 7.681323569915117222e-01 4.016758866620858681e-01 6.272646966724245710e-01
1.000000000000000000e+00 6.496647358243596848e-01 7.613280552847095928e-01 1.549259291667867133e-01
1.000000000000000000e+00 1.093660890197776236e-01 4.268660368617070988e-01 6.646577094151959741e-01
1.000000000000000000e+00 4.985137865813747959e-01 4.087050696714212839e-01 6.560251803778678337e-01
1.000000000000000000e+00 9.289365830296102411e-01 9.239328702554584494e-01 5.963826883443699156e-01
0.000000000000000000e+00 3.977825031063286776e-01 8.050155886166295849e-01 6.237334721392620018e-01
1.000000000000000000e+00 4.464496548137310006e-01 7.738989284253575685e-01 6.394284953636767410e-01
1.000000000000000000e+00 9.858265708054348986e-01 8.335449195379373011e-01 4.998281663055128554e-01
1.000000000000000000e+00 5.217933548343107741e-01 2.827961258813609380e-01 7.659960096015404618e-01
0.000000000000000000e+00 1.513759344823280006e-01 7.018720125395840892e-01 3.824980310100131176e-01
1.000000000000000000e+00 5.505922808279554159e-01 3.026274597597655713e-01 9.550493691923868100e-01
1.000000000000000000e+00 7.781685460753282602e-01 9.784752631099967735e-01 1.027500198720605606e-01
0.000000000000000000e+00 2.585392953975682584e-01 8.448606308282476940e-01 3.474368498033407748e-01
0.000000000000000000e+00 3.063916719298915847e-01 3.053090707278133253e-01 2.236473255720494713e-02
1.000000000000000000e+00 8.210630011174271381e-01 5.189013487559845927e-03 4.667598310681142504e-01
0.000000000000000000e+00 2.397150474504851081e-01 3.632586086400217962e-01 2.070694891912920887e-01
1.000000000000000000e+00 4.249906804768454061e-01 9.983493637530302944e-01 6.917184450145056340e-01
1.000000000000000000e+00 8.729206434615677246e-01 6.384605826898088754e-01 3.987576529933093417e-01
0.000000000000000000e+00 7.317298491770954927e-01 6.013379889908564424e-01 1.205597179879600578e-01
1.000000000000000000e+00 8.789942028476893654e-02 2.111515904690113299e-01 9.424257862444983536e-01
0.000000000000000000e+00 4.086461786798377682e-01 3.613268552521233801e-01 8.149713780013758679e-01
1.000000000000000000e+00 6.522321897340074282e-01 3.718488384017487602e-01 6.043904460432859560e-01
1.000000000000000000e+00 1.648359630109116347e-01 9.987149473611274253e-01 5.267196382760302997e-01
0.000000000000000000e+00 3.067757917728033412e-01 7.683589355264586196e-02 2.897198776767067052e-01
1.000000000000000000e+00 7.377592754669326514e-02 6.324498334572217217e-01 8.787909128976499895e-01
0.000000000000000000e+00 3.559245430225361773e-01 5.690250338500992822e-01 9.248166019377321856e-01
1.000000000000000000e+00 3.711664699823222779e-01 3.310062117710892426e-01 4.311145052585355630e-01
1.000000000000000000e+00 5.070144351799710236e-01 5.826537085028794527e-01 4.357350957680337089e-01
0.000000000000000000e+00 6.831905420839418097e-01 6.916434600788313736e-01 1.043595457698589524e-01
1.000000000000000000e+00 8.561155536325902871e-01 3.345874814654914431e-01 1.258265205792363783e-02
1.000000000000000000e+00 3.485350546103856972e-01 6.992010851342842503e-01 7.228780241302286136e-01
0.000000000000000000e+00 9.857363642723984132e-01 3.672213622277338274e-01 6.519013325557310168e-01
1.000000000000000000e+00 8.071766685199147640e-01 1.303255154422637840e-01 1.812356010905574744e-01
0.000000000000000000e+00 4.962624000045204875e-01 2.587857848668253524e-01 9.207886841270240819e-01
0.000000000000000000e+00 1.144819470709296239e-01 8.186589281578009469e-01 9.232143218729293999e-02
1.000000000000000000e+00 5.038029934479443250e-01 7.376097033298767425e-01 9.746483076460792372e-01
1.000000000000000000e+00 3.703675493186158185e-01 4.046129814514686229e-01 6.944256350563842162e-01
1.000000000000000000e+00 3.083746617492680864e-01 2.580773537685798757e-01 5.437999931001610276e-01
1.000000000000000000e+00 8.085230072301562432e-01 4.261040268435869471e-01 7.649710881839635324e-01
0.000000000000000000e+00 1.694088270969166254e-01 5.966316146393955133e-01 9.591275801036915905e-01
0.000000000000000000e+00 6.316229434003972631e-02 4.783054384980791607e-01 4.450271552717047774e-01
1.000000000000000000e+00 8.040155390716409167e-01 7.833971336947399555e-01 6.583313863101299956e-01
1.000000000000000000e+00 6.585576710920038046e-01 1.221171852038053229e-01 5.990735620922394977e-01
1.000000000000000000e+00 3.283375589107876413e-01 5.694062744629129202e-01 9.752557395797138984e-01
0.000000000000000000e+00 3.690365572442924069e-01 5.842034861471473439e-01 1.879900021506650809e-01
1.000000000000000000e+00 2.645515829383944251e-01 5.128627453358749477e-01 4.285682004735988926e-01
1.000000000000000000e+00 7.792117570626140299e-01 7.843147486579882255e-03 5.810567549415921462e-01
1.000000000000000000e+00 2.982361197610361447e-02 1.648006284731959870e-01 2.454671327430719696e-01
0.000000000000000000e+00 7.982828122672674942e-01 3.235485466715276592e-01 2.454096353435664124e-01
1.000000000000000000e+00 6.158496204593817414e-01 4.402598174205764048e-01 1.444828649263374398e-01
0.000000000000000000e+00 1.471468555024235680e-02 1.187311584036629952e-01 3.635736656829000601e-01
0.000000000000000000e+00 4.715677399647778545e-01 2.676531115401392658e-01 7.736017196306904653e-01
1.000000000000000000e+00 7.129824511209172933e-01 9.923902658319788683e-01 2.467805063656861586e-01
0.000000000000000000e+00 1.762137957680520728e-01 5.530293486368276223e-01 9.038215449660401690e-01
1.000000000000000000e+00 9.798481984190322569e-01 1.055069084104253152e-01 7.838615803456927544e-02
0.000000000000000000e+00 1.641036601485789115e-01 4.507366809331020407e-01 5.039727013000739886e-01
0.000000000000000000e+00 2.445312232893174231e-01 2.942292437941727012e-01 6.119955530924321430e-01
0.000000000000000000e+00 6.595448915574786408e-01 8.633517583402099405e-01 7.115024064708608265e-02
0.000000000000000000e+00 5.117437369471352637e-01 6.373665600267933717e-01 1.008160440169667549e-01
0.000000000000000000e+00 8.455678091757917736e-01 5.652955853370206230e-01 1.199467906474963597e-01
0.000000000000000000e+00 3.163741956029031410e-02 9.011075294195354246e-01 8.953790100530015783e-01
0.000000000000000000e+00 8.680891172490012853e-02 6.843195218853252992e-01 6.872464981970277664e-01
1.000000000000000000e+00 5.577458328968453172e-01 3.179314302163810391e-01 3.077147164820684955e-01
1.000000000000000000e+00 2.534317907532535052e-01 3.736806471530043083e-01 5.970453214333637515e-02
0.000000000000000000e+00 8.824678920220240252e-01 1.823311757556076440e-01 4.819908053924819580e-01
1.000000000000000000e+00 5.094924983983686317e-01 2.101326718835139218e-01 7.686190302247956074e-01
1.000000000000000000e+00 3.693495718023960261e-01 8.756074268180760178e-01 8.906628369940438050e-01
1.000000000000000000e+00 5.094599766360029536e-01 1.066206203896337135e-01 7.030899789657528709e-01
1.000000000000000000e+00 4.844310104055915556e-02 1.402651705967472573e-01 1.312155490201227792e-02
0.000000000000000000e+00 4.692503130163114822e-01 7.594118421095248372e-01 3.572422489477096175e-01
0.000000000000000000e+00 6.675747168922829822e-01 3.699611352224325689e-01 9.570056692030837198e-02
1.000000000000000000e+00 7.704774416556686711e-01 7.216604185232540214e-01 9.056914464825128741e-01
0.000000000000000000e+00 5.615264635048144992e-01 4.343279493487316456e-01 4.452399784793095172e-01
0.000000000000000000e+00 3.666294844236586137e-01 9.147936671556788912e-02 3.347071623860587986e-01
0.000000000000000000e+00 5.234737563892057910e-01 7.098406367090825952e-01 8.883021730541444949e-01
1.000000000000000000e+00 1.319254226300298205e-01 3.180119605330798960e-01 9.853486937086615161e-01
0.000000000000000000e+00 8.870212438369264873e-01 4.332058086995386192e-01 2.071605069122545162e-01
0.000000000000000000e+00 8.195556447676290990e-01 4.329842824657349487e-01 7.873134570530672116e-01
0.000000000000000000e+00 7.793250798830004822e-01 3.565787830640602118e-01 3.612209328577430378e-01
0.000000000000000000e+00 7.094586112853034088e-01 2.368446133171153711e-02 2.147916077385836342e-01
1.000000000000000000e+00 2.256055851028598846e-01 6.748853437039626924e-01 9.310434630651724941e-01
0.000000000000000000e+00 3.825402877661776557e-02 1.761207844128555022e-01 3.054895392807568388e-01
0.000000000000000000e+00 8.825057444767560044e-01 7.995457729643827838e-01 2.713824080320328402e-01
0.000000000000000000e+00 4.660613961542238171e-01 6.081992171814288861e-01 7.456416574586016699e-01
1.000000000000000000e+00 5.865106867030764892e-01 6.832625717993262571e-01 7.213792970727928022e-01
0.000000000000000000e+00 1.537270094815477162e-01 3.522779225026283489e-01 3.074409458477049828e-01
1.000000000000000000e+00 8.785985291974034439e-01 3.557667849745832500e-01 3.445792898220090272e-02
0.000000000000000000e+00 1.358791195519637451e-02 7.442658878251965371e-01 8.935518761025709189e-01
0.000000000000000000e+00 9.888309821874613492e-01 4.976594702448675633e-01 8.477966626734873001e-01
0.000000000000000000e+00 5.002293912100386208e-03 4.426452700056329181e-01 8.986105792629122124e-01
0.000000000000000000e+00 1.790891125378403226e-01 2.187554929105206547e-02 4.446759467418832656e-01
1.000000000000000000e+00 4.575364484131166920e-01 2.291602639456652435e-01 7.421258360207453331e-01
0.000000000000000000e+00 1.572973590190535065e-01 9.426009129421800692e-01 4.463785799414865529e-03
1.000000000000000000e+00 1.227862409875241090e-01 6.918103561772227517e-01 7.246357504652370940e-01
0.000000000000000000e+00 2.148973709931163434e-01 1.187524819964658196e-01 7.255902773111543302e-01
0.000000000000000000e+00 6.984679556672155343e-01 4.951145459090544598e-02 7.593111296389919440e-01
1.000000000000000000e+00 7.614579851499533314e-01 6.564398419723492806e-01 5.941530201759434027e-01
0.000000000000000000e+00 6.805003827327499311e-01 3.631741690285722468e-01 3.620171637626055094e-01
0.000000000000000000e+00 7.169498818380302119e-01 3.244519611908447398e-01 4.699805189528180049e-01
1.000000000000000000e+00 6.490202640848513616e-01 4.440752357648581894e-01 5.174353886786750012e-01
0.000000000000000000e+00 6.978173136841400170e-01 5.330537385522804428e-02 7.515989063991961316e-01
0.000000000000000000e+00 9.069582704357646019e-01 2.680733202976034457e-01 3.928284105775883273e-01
1.000000000000000000e+00 1.175858700955116909e-01 9.011170830996687586e-01 2.582277715458103362e-01
0.000000000000000000e+00 7.066336534783932422e-01 2.776241289972001258e-01 9.173636421195329183e-01
0.000000000000000000e+00 4.696229108801371899e-01 1.732765477304512025e-01 2.979451553333014591e-01
1.000000000000000000e+00 7.080800499129613623e-01 5.544160953541149572e-01 8.876089613086757257e-01
1.000000000000000000e+00 8.734662521652358791e-01 7.747965329610217999e-02 5.852734552145740787e-01
0.000000000000000000e+00 9.166891596431595568e-01 5.256069430824816813e-01 1.080092064077418090e-01
1.000000000000000000e+00 3.879126153464218518e-02 2.016612999888370839e-01 8.055496209767895044e-01
0.000000000000000000e+00 2.694476289752599785e-01 3.569303574129389922e-01 9.944175724413825135e-01
0.000000000000000000e+00 3.687496607385468694e-01 6.142883958427136637e-02 4.898574184189538050e-01
0.000000000000000000e+00 8.785772555434601117e-01 4.637543291901510267e-01 4.880772331373973705e-01
0.000000000000000000e+00 7.884667262019506850e-01 5.872398107124502387e-01 7.038158081715095715e-01
1.000000000000000000e+00 5.999780710245407045e-01 2.040079046159612997e-01 6.083050246279370077e-01
0.000000000000000000e+00 2.928246212513112567e-01 7.582270672371956843e-01 9.593789688232676749e-01
0.000000000000000000e+00 8.441368352755884708e-02 5.446032619114369311e-01 1.847303065723565618e-01
1.000000000000000000e+00 4.311619692767063583e-01 3.632822185656635616e-01 5.349005809299752778e-01
0.000000000000000000e+00 2.991711135497221452e-01 2.221820943925060243e-01 7.162255166960487252e-01
0.000000000000000000e+00 1.123856703763986831e-01 3.213765049599225376e-01 8.369207897217350034e-01
0.000000000000000000e+00 4.545015242353379614e-01 8.959880007949831970e-01 9.702719515425570762e-01
0.000000000000000000e+00 7.712926337973824431e-03 1.137600447059584630e-01 3.065292366725754780e-01
1.000000000000000000e+00 1.771476351768173085e-01 9.689892769232442138e-01 8.963397149024506794e-01
0.000000000000000000e+00 6.032377216191039393e-01 8.547511111088895719e-01 9.023343851645352354e-01
0.000000000000000000e+00 2.007012103055281216e-01 1.449760062035994057e-01 4.497296844674832927e-01
0.000000000000000000e+00 6.645379639660340398e-01 3.661746685488898034e-01 4.760316034825728959e-01
1.000000000000000000e+00 3.128433095842833023e-01 3.951915165846413558e-01 9.418820971046325541e-01
1.000000000000000000e+00 8.864202781546870469e-03 9.047341167029937514e-01 9.928432922290167939e-01
1.000000000000000000e+00 9.209584922651810057e-01 5.208719573012300375e-01 8.001146497575347682e-01
0.000000000000000000e+00 7.534234847625128628e-01 2.061271937954803901e-01 9.976749640490003568e-01
1.000000000000000000e+00 5.854315176086921646e-01 7.249533450172435112e-01 8.190091061282549489e-01
1.000000000000000000e+00 1.799909489714501820e-01 6.738029090952246669e-02 4.489616068043607022e-01
0.000000000000000000e+00 1.783073001330148788e-02 6.231839516563713044e-01 3.105125062203046848e-01
0.000000000000000000e+00 1.839994252635358540e-01 6.905353636488152924e-01 8.022212004514844841e-01
1.000000000000000000e+00 4.273150713959534830e-01 5.886448088571016868e-01 2.520556757075772536e-01
1.000000000000000000e+00 8.449006014212040450e-01 8.019858215517577937e-01 8.487891043473677621e-01
0.000000000000000000e+00 2.018433395419927390e-02 7.850206851289309729e-01 1.604709695376945744e-01
1.000000000000000000e+00 1.382913852047473746e-03 5.559228246482615932e-01 7.244669500804120643e-01
1.000000000000000000e+00 2.575058604407627350e-01 2.895218831932934167e-01 5.873108097574778474e-01
0.000000000000000000e+00 2.167006443889999412e-01 8.536842578221551792e-01 8.570669128440255857e-01
0.000000000000000000e+00 4.001628546073223713e-01 1.690839601793986402e-01 8.281350060646798239e-01
1.000000000000000000e+00 1.241964236391919219e-01 8.819824174693423613e-01 6.408753044755255424e-01
1.000000000000000000e+00 8.212803406960511587e-03 2.307425718120648117e-02 1.753773649758672004e-01
0.000000000000000000e+00 3.708675329182492542e-01 8.140585889806140063e-01 1.211234909009611949e-01
0.000000000000000000e+00 2.591200839264221623e-01 2.864108976970688447e-01 4.958271560190354865e-01
1.000000000000000000e+00 8.151069053776635043e-01 5.292720398878048016e-01 1.720205129204877004e-01
0.000000000000000000e+00 1.717636454782601740e-01 9.789065635559514034e-01 2.839282346868160500e-01
1.000000000000000000e+00 3.052877735082022426e-01 9.901822108970191882e-01 6.783374950788264579e-01
1.000000000000000000e+00 6.559508105585156734e-01 5.087259510145456520e-01 7.889031384607506636e-01
1.000000000000000000e+00 9.761896974081792910e-01 6.202070898752171102e-01 6.880726632648583863e-01
0.000000000000000000e+00 1.348957011956852803e-02 2.828088272908491074e-01 4.429430203218930329e-01
0.000000000000000000e+00 4.018882529994194375e-01 1.421774038896103098e-01 2.521035447950169539e-01
0.000000000000000000e+00 1.236074927497287090e-01 2.121812469809271073e-01 2.039824322086298825e-01
0.000000000000000000e+00 4.412034736648493549e-01 5.906899102196653262e-01 9.510848441601047476e-01
0.000000000000000000e+00 9.982978274018605713e-02 3.050537120013392389e-01 5.068373856450877346e-01
0.000000000000000000e+00 4.929696120846226437e-01 3.765068871680988805e-01 1.504848578775508372e-01
1.000000000000000000e+00 8.794738809448285899e-01 4.136787812458556646e-01 7.391789343705849058e-01
0.000000000000000000e+00 3.724365589606311033e-01 4.059218283956366191e-01 7.473524213033089225e-01
0.000000000000000000e+00 9.661132001679599846e-01 1.859795743093974885e-01 3.845349272467265545e-01
1.000000000000000000e+00 9.946561917783759421e-01 3.576385987849960424e-01 3.122220091145005982e-01
1.000000000000000000e+00 2.209637649715708863e-01 3.745096481676836175e-01 2.543242895090078726e-01
1.000000000000000000e+00 2.690362690368509613e-01 4.985641950542475387e-01 4.167439823614027539e-01
1.000000000000000000e+00 1.356456058938289022e-01 5.118212127491603702e-01 3.575272043771771102e-01
1.000000000000000000e+00 8.592078168230196100e-01 6.787789146122468198e-01 9.386987736895990864e-01
1.000000000000000000e+00 3.306951565666628179e-01 3.226540163622692026e-01 7.484361036104109077e-01
0.000000000000000000e+00 1.411112156770071291e-01 5.533333591033737786e-01 9.892059279523410797e-01
0.000000000000000000e+00 4.637189067313698398e-01 3.415681812544507645e-01 6.108193472752971864e-01
0.000000000000000000e+00 4.095283250744675696e-01 2.538583664661708816e-02 9.496439675027827931e-01
0.000000000000000000e+00 7.191913188356444664e-01 1.779064485295762665e-01 6.648514259625608602e-01
0.000000000000000000e+00 6.032248393717852819e-01 3.987919709580224348e-01 4.889989067345651419e-01
1.000000000000000000e+00 5.226663019852028080e-01 7.736146129036229890e-01 1.565000391514725919e-02
0.000000000000000000e+00 4.209672046505457121e-01 6.895363784768847593e-01 1.017999203260742114e-01
1.000000000000000000e+00 8.661418354842986833e-02 6.605392572295665232e-01 3.641041260583013361e-01
0.000000000000000000e+00 8.337763001204197000e-01 1.754484207833371112e-01 1.114365632570166742e-01
0.000000000000000000e+00 5.503107965333375873e-03 7.644314490467745138e-01 9.390093966316045426e-01
0.000000000000000000e+00 3.731663038922996556e-01 6.985648697999325973e-01 2.367927659576755106e-01
1.000000000000000000e+00 4.692804535375592057e-01 1.495444550906401826e-01 7.156208252577904716e-01
1.000000000000000000e+00 3.094963742794574202e-01 4.033840662612790950e-01 9.782404290313215789e-01
0.000000000000000000e+00 7.043812247866986231e-01 5.402239230202768860e-01 9.684794865880528292e-01
1.000000000000000000e+00 7.307101511599153332e-01 8.029472350533701785e-01 3.496135744632233866e-02
0.000000000000000000e+00 5.589456086036336258e-01 4.276189529381847487e-01 5.601593353479389359e-01
1.000000000000000000e+00 9.641361094359910400e-01 7.193538071136684753e-01 9.650740493047882396e-02
0.000000000000000000e+00 7.855302450888541621e-01 9.366677250148368605e-01 3.674432445295912064e-01
1.000000000000000000e+00 9.472794179696955030e-01 1.947376922807757538e-01 9.435348147574916799e-01
0.000000000000000000e+00 7.136863811585184569e-01 8.990691373784400753e-01 2.697243678382306165e-01
0.000000000000000000e+00 8.103169490587985857e-01 4.956586374983174004e-01 6.270791646706143085e-01
0.000000000000000000e+00 4.771508787518388139e-01 3.978979334377880095e-01 4.836767842989432298e-01
0.000000000000000000e+00 5.041153611904104492e-01 2.272045904860393595e-01 4.081128886241758291e-01
0.000000000000000000e+00 8.998970612095977817e-01 8.461720045507425958e-01 2.524517597255022672e-01
0.000000000000000000e+00 4.210346474173412012e-01 8.221706751379327383e-01 9.498941204521044179e-01
1.000000000000000000e+00 5.490905925033575663e-01 7.168891549256574125e-01 1.890446012533596454e-01
1.000000000000000000e+00 4.271228509280611263e-02 6.293474989525382757e-01 1.734960685071208486e-01
0.000000000000000000e+00 4.025867649630739953e-01 2.806079951802268324e-01 6.018237081899446839e-01
1.000000000000000000e+00 3.375007789014550230e-01 1.703211352483118279e-01 2.181548456513814349e-01
0.000000000000000000e+00 1.028297258091123156e-01 7.885886254428702280e-01 7.525781192001524955e-01
1.000000000000000000e+00 7.046901276157537808e-01 7.141850387920724019e-01 7.808867274181244822e-01
0.000000000000000000e+00 3.769665364358228965e-01 5.815781000271845746e-01 5.946126687420140167e-01
0.000000000000000000e+00 8.589330650037833026e-01 3.094263692295358137e-01 9.365387254133951123e-01
1.000000000000000000e+00 3.940093062096362564e-01 6.055996811436101801e-01 1.889271965452987700e-01
0.000000000000000000e+00 7.031858066347651537e-01 4.256777832105747006e-01 1.014885074678630872e-01
1.000000000000000000e+00 8.212656491373728773e-01 4.242129165218755382e-02 2.240715588004867920e-01
0.000000000000000000e+00 2.747679133768861082e-01 2.538290946220087552e-01 1.042632653841097934e-01
1.000000000000000000e+00 6.634709685639819110e-01 2.490644025635178060e-01 1.997217822030552536e-01
1.000000000000000000e+00 5.855623149010565909e-01 8.020713530018139803e-01 9.186236427153142703e-01
1.000000000000000000e+00 9.946000204250312615e-01 2.454582243283820464e-02 5.728570624589021110e-01
0.000000000000000000e+00 7.385827112377516546e-01 8.581933061748233671e-01 8.756727390854019966e-01
1.000000000000000000e+00 3.240418158429156925e-01 3.833181261063887124e-01 9.298208466713253628e-03
0.000000000000000000e+00 4.988388837752111282e-02 3.997912303389159483e-01 8.070267731462056338e-01
0.000000000000000000e+00 2.980513087841185627e-02 8.707337356086235491e-01 5.225669834037921513e-01
0.000000000000000000e+00 7.495216483888565984e-01 4.873803651128043590e-01 5.428570282557492188e-01
1.000000000000000000e+00 7.243369708105993343e-01 7.404333854952325211e-01 1.725478893045837570e-01
0.000000000000000000e+00 3.404974248476296816e-01 1.529209342027330054e-01 3.338415428957656195e-01
1.000000000000000000e+00 3.667078899536453385e-01 3.993555046027293942e-01 1.072289355926620003e-01
0.000000000000000000e+00 3.299861135875057361e-01 9.582271540640769913e-01 7.427751177274788397e-01
1.000000000000000000e+00 6.774942082373429653e-01 1.541299449825479506e-01 1.279924749764634884e-01
0.000000000000000000e+00 6.030741774363249652e-01 5.001338728319922877e-01 1.771175708625523093e-01
1.000000000000000000e+00 9.288659461511762361e-01 4.482412641073268977e-01 2.447174547681459922e-01
1.000000000000000000e+00 8.475690027577520436e-01 8.571279550374122369e-02 2.978325000050600080e-01
1.000000000000000000e+00 3.551790086332812235e-01 9.630758719869981777e-01 8.779432257513580806e-01
1.000000000000000000e+00 4.100138797822808767e-01 9.769949789128997697e-01 8.196274244619234928e-01
0.000000000000000000e+00 5.125469900375344556e-01 8.599106387428632203e-01 4.931189527688317753e-01
0.000000000000000000e+00 4.761090226777334733e-01 2.532868959923357810e-01 2.870921893974498484e-01
1.000000000000000000e+00 5.060684172885988596e-01 7.409324812603678145e-01 8.773213882938226682e-01
0.000000000000000000e+00 3.451795408189892722e-01 5.216199150577288668e-01 9.628843554832102747e-01
1.000000000000000000e+00 5.406528635939307215e-01 9.848919572568716196e-01 1.909674189278799394e-01
0.000000000000000000e+00 7.532343903095239934e-02 4.045471659507717810e-01 3.285560985468638506e-02
0.000000000000000000e+00 9.663180117704169847e-01 1.592916146398836164e-01 1.513106855935202333e-01
1.000000000000000000e+00 6.727731873993112455e-01 2.454154093722605845e-01 4.987732665725826964e-01
0.000000000000000000e+00 3.757149687870136034e-01 3.660976380936551422e-01 8.418511592807812471e-01
0.000000000000000000e+00 2.383107201130563180e-01 8.077267975896984531e-01 9.726278348443579969e-01
0.000000000000000000e+00 3.994457692903849999e-01 6.635641045741149657e-01 5.256352976349443207e-01
1.000000000000000000e+00 7.641384893119695931e-01 1.829409403396939915e-01 8.222969508162200070e-01
0.000000000000000000e+00 3.590681328059832644e-01 7.919437362880061837e-01 4.664032474364021574e-01
1.000000000000000000e+00 8.634887282906741346e-01 8.067053547154341420e-01 2.172724033962760704e-01
1.000000000000000000e+00 7.120099806384100338e-01 2.579308030734672741e-01 2.267853319038001247e-01
1.000000000000000000e+00 6.700086327969272393e-01 2.642282424928795725e-01 4.710331203868944883e-01
0.000000000000000000e+00 3.345973455269393160e-01 6.880511764082399839e-01 8.344808436994700651e-01
1.000000000000000000e+00 6.319306462124399948e-01 5.169963731836404452e-01 6.478097517434657782e-01
1.000000000000000000e+00 9.725661558516826011e-01 8.468739001188526627e-01 2.894004003895889188e-02
1.000000000000000000e+00 5.185789849993709399e-01 3.624653809479078115e-01 7.208902549676732274e-02
1.000000000000000000e+00 8.439029887259423823e-01 7.209375304622057667e-01 1.695863522249236865e-01
1.000000000000000000e+00 9.944422556144579817e-01 7.930575068750780332e-01 3.760077602419598097e-01
0.000000000000000000e+00 3.018862618331683567e-01 7.571426404814168842e-01 9.861263411661230771e-01
